880 88
784 88
698 88
659 88
880 88
659 88
698 88
659 88
880 88
622 88
659 88
622 88
880 88
587 88
659 88
587 88

880 88
622 88
659 88
622 88
880 88
523 88
587 88
523 88
880 88
494 88
523 88
494 88
880 88
622 88
659 88
622 88

988 176
0 176
330 176
0 176
349 176
0 176

294 176
330 176
0 176
349 176
0 352
523 176
0 176

988 176
0 352
330 176
0 352
349 176
0 176

294 176
330 176
0 176
349 176
0 352
523 176
0 176

294 176
0 352
330 176
0 352
349 176
0 176

294 176
330 176
0 176
349 176
0 352
523 176
0 176

587 176
0 352
659 176
0 352
698 176
0 176

587 176
659 176
0 176
698 176
0 352
523 176
554 176
