330 250
165 250
196 250
247 250
330 250
370 250

784 1500

294 250
147 250
175 250
220 250
294 250
330 250
370 1500

494 500
494 500
494 500

494 500
440 750
587 250

349 1000
294 250
349 250

494 1500

330 500
330 500
330 500

330 500
294 750
392 250

82 250
131 250
165 250
196 250
220 250
262 250

330 250
262 250
349 250
392 250
440 250
523 250

330 750
247 250
330 250
349 250

392 500
349 500
330 500

294 750
330 250
294 500

247 1500

330 750
494 250
330 250
349 250

392 500
349 500
392 500

440 750
392 250
440 500

494 1500

330 750
247 250
330 250
349 250

392 500
349 500
330 500

294 750
330 250
294 500

247 1000
196 250
220 250

494 500
494 500
494 500

494 500
440 500
294 500

196 750
196 250
175 250
147 250

165 750
165 250
196 250
262 250

330 250
165 250
196 250
262 250
330 250
392 250

220 1000
330 500

330 500
294 500
262 500

247 1000
392 500

392 1500

494 1000
698 500

698 1500

523 1000
659 500

784 500
740 1000

247 1000
349 500

349 500
330 500
294 500

277 1000
440 500

440 1500

415 500
330 500
262 500

247 1000
349 500

220 750
175 250
220 500

247 1500