880 88
784 88
698 88
659 88
880 88
659 88
698 88
659 88
880 88
622 88
659 88
622 88
880 88
587 88
659 88
587 88

880 88
622 88
659 88
622 88
880 88
523 88
587 88
523 88
880 88
494 88
523 88
494 88
880 88
622 88
659 88
622 88

988 176
0 176
330 176
0 176
349 176
0 176

294 176
330 176
0 176
349 176
0 352
523 176
0 176

988 176
0 352
330 176
0 352
349 176
0 176

294 176
330 176
0 176
349 176
0 352
523 176
0 176

294 176
0 352
330 176
0 352
349 176
0 176

294 176
330 176
0 176
349 176
0 352
523 176
0 176

587 176
0 352
659 176
0 352
698 176
0 176

587 176
659 176
0 176
698 176
0 352
523 176
554 176

494 529
349 1233

494 352
349 352
494 352

494 705
247 88
277 88
294 88
311 88
330 88
294 88
277 88
262 88

247 88
277 88
294 88
311 88
330 88
349 88
370 88
392 88
415 88
440 88
392 88
370 88
349 88
330 88
311 88
294 88

494 529
349 1233

494 352
349 352
494 352

440 2823

392 1411

587 705
392 705

440 352
0 1058

262 352
196 88
220 88
247 88
262 88
294 352
196 88
220 88
247 88
262 88

392 1411

659 705
698 705

659 1411

784 352
880 176
784 176
698 176
659 176
587 176
659 176

698 88
262 88
277 88
294 88
311 88
330 88
349 88
370 88
392 88
415 88
440 88
466 88
494 88
523 88
554 88
587 88

622 88
587 88
554 88
523 88
494 88
466 88
440 88
415 88
392 88
370 88
349 88
330 88
311 88
277 88
262 88

784 88
277 88
294 88
311 88
330 88
349 88
370 88
392 88
415 88
440 88
466 88
494 88
523 88
554 88
587 88
622 88

784 352
880 176
784 352
698 176
659 176
698 176

831 88
294 88
311 88
330 88
349 88
370 88
392 88
415 88
440 88
466 88
494 88
523 88
554 88
587 88
622 88
659 88

698 88
659 88
622 88
587 88
554 88
523 88
494 88
466 88
440 88
415 88
392 88
370 88
349 88
330 88
311 88
294 88

880 88
311 88
330 88
349 88
370 88
392 88
415 88
440 88
466 88
494 88
523 88
554 88
587 88
622 88
659 88
698 88

1175 705
1397 705

1175 352
932 352
880 176
988 529
349 88
392 88
415 88
466 88

494 176
440 176
466 176
523 176
392 176
494 176
349 176
392 176

440 176
494 176
587 352
1175 352
880 352

932 176
1397 1234

1568 1411

1319 2822

1047 529
880 529

0 705
1319 352
1047 352
1319 352

1175 529
1760 529

0 705
1175 352
1760 352
1568 352

1319 529
1047 529

0 705
1047 352
1319 176
1175 176
1047 176
1319 176

1175 176
1976 352
1397 529
0 352

1568 529
1397 529
1175 352

698 1411

659 1411

587 1411

659 1411

1397 705
587 705

1319 705
523 705

1568 705
659 705

1397 705
784 705

659 176
0 352
659 176
0 352
659 176
0 176

659 176
0 352
659 176
0 352
659 176
0 176

659 176
0 352
659 176
0 352
659 176
0 176

659 176
0 352
659 176
0 352
659 176
0 176

440 352
494 352
392 176
440 529

0 352
494 176
554 176
659 176
587 176
523 176
494 176

466 1411

0 176
466 176
523 176
698 176
659 176
587 176
523 176
523 176

494 1411

0 176
494 176
554 176
784 176
740 176
659 176
587 176
494 176

523 1411

659 705
784 705

988 176
0 352
330 176
0 352
349 176
0 176

294 176
330 176
0 176
349 176
0 352
523 176
0 176

988 176
0 352
330 176
0 352
349 176
0 176

294 176
330 176
0 176
349 176
0 352
880 176
932 176

494 176
0 352
554 176
0 352
587 176
0 176

494 176
554 176
0 176
587 176
0 352
880 176
932 176

988 176
0 352
1109 176
0 352
1175 176
0 176

988 176
1109 176
0 176
1175 176
0 352
880 352

988,176