294 167
294 167
294 167

392 1000
587 1000

523 167
494 167
440 167
784 1000
587 500

523 167
494 167
440 167
784 1000
587 500

523 167
494 167
523 167
440 500
0 500
294 375
294 125

784 1000
587 1000

523 167
494 167
440 167
784 1000
587 500

523 167
494 167
440 167
784 1000
587 500

523 167
494 167
523 167
440 500
0 500
294 375
294 125

330 750
330 250
523 250
494 250
440 250
392 250

392 167
440 167
494 167
440 250
330 250
349 500
294 375
294 125

330 750
330 250
523 250
494 250
440 250
392 250

587 500
440 1000
294 375
294 125

330 750
330 250
523 250
494 250
440 250
392 250

392 167
440 167
494 167
440 250
330 250
349 250
0 250
587 375
587 125

784 375
659 125
622 375
587 125
523 375
466 125
440 375
392 125

587 750
294 167
294 167
294 167

392 1000
587 1000

523 167
494 167
440 167
784 1000
587 500

523 167
494 167
440 167
784 1000
587 500

523 167
494 167
523 167
440 500
0 500
294 375
294 125

784 1000
587 1000

523 167
494 167
440 167
784 1000
587 500

784 167
659 167
622 167
831 1000
880 500

784 250
0 250
392 167
392 167
392 167
392 500